# Ag_JC_EC, m=1.000000, gscat=0.000000
# 1 0 0 2 3 = columns for wave, Re(n), Im(n), eps1, eps2    
#    #LAMBDA(um)     eps1(Real)     eps2(Imag)
     0.30000000    -3.83049358     0.02077189
     0.30200000    -3.89511364     0.02119010
     0.30400000    -3.96016303     0.02161388
     0.30600000    -4.02564176     0.02204328
     0.30800000    -4.09154983     0.02247832
     0.31000000    -4.15788723     0.02291906
     0.31200000    -4.22465397     0.02336551
     0.31400000    -4.29185004     0.02381773
     0.31600000    -4.35947544     0.02427574
     0.31800000    -4.42753018     0.02473959
     0.32000000    -4.49601425     0.02520931
     0.32200000    -4.56492764     0.02568494
     0.32400000    -4.63427037     0.02616652
     0.32600000    -4.70404243     0.02665407
     0.32800000    -4.77424382     0.02714764
     0.33000000    -4.84487453     0.02764727
     0.33200000    -4.91593458     0.02815300
     0.33400000    -4.98742394     0.02866485
     0.33600000    -5.05934264     0.02918287
     0.33800000    -5.13169066     0.02970709
     0.34000000    -5.20446801     0.03023755
     0.34200000    -5.27767468     0.03077429
     0.34400000    -5.35131067     0.03131735
     0.34600000    -5.42537598     0.03186675
     0.34800000    -5.49987062     0.03242255
     0.35000000    -5.57479458     0.03298477
     0.35200000    -5.65014786     0.03355345
     0.35400000    -5.72593046     0.03412863
     0.35600000    -5.80214237     0.03471034
     0.35800000    -5.87878361     0.03529863
     0.36000000    -5.95585416     0.03589353
     0.36200000    -6.03335403     0.03649507
     0.36400000    -6.11128321     0.03710330
     0.36600000    -6.18964171     0.03771825
     0.36800000    -6.26842953     0.03833995
     0.37000000    -6.34764665     0.03896845
     0.37200000    -6.42729309     0.03960379
     0.37400000    -6.50736884     0.04024598
     0.37600000    -6.58787391     0.04089509
     0.37800000    -6.66880828     0.04155113
     0.38000000    -6.75017196     0.04221416
     0.38200000    -6.83196495     0.04288420
     0.38400000    -6.91418725     0.04356129
     0.38600000    -6.99683886     0.04424547
     0.38800000    -7.07991977     0.04493678
     0.39000000    -7.16342999     0.04563525
     0.39200000    -7.24736951     0.04634093
     0.39400000    -7.33173834     0.04705384
     0.39600000    -7.41653647     0.04777402
     0.39800000    -7.50176390     0.04850152
     0.40000000    -7.58742063     0.04923636
     0.40200000    -7.67350667     0.04997859
     0.40400000    -7.76002200     0.05072824
     0.40600000    -7.84696663     0.05148534
     0.40800000    -7.93434056     0.05224995
     0.41000000    -8.02214379     0.05302208
     0.41200000    -8.11037631     0.05380179
     0.41400000    -8.19903813     0.05458910
     0.41600000    -8.28812924     0.05538406
     0.41800000    -8.37764965     0.05618669
     0.42000000    -8.46759935     0.05699705
     0.42200000    -8.55797834     0.05781515
     0.42400000    -8.64878662     0.05864105
     0.42600000    -8.74002419     0.05947478
     0.42800000    -8.83169105     0.06031637
     0.43000000    -8.92378720     0.06116586
     0.43200000    -9.01631264     0.06202329
     0.43400000    -9.10926736     0.06288870
     0.43600000    -9.20265137     0.06376212
     0.43800000    -9.29646466     0.06464359
     0.44000000    -9.39070724     0.06553314
     0.44200000    -9.48537910     0.06643082
     0.44400000    -9.58048024     0.06733666
     0.44600000    -9.67601066     0.06825069
     0.44800000    -9.77197036     0.06917296
     0.45000000    -9.86835934     0.07010350
     0.45200000    -9.96517760     0.07104235
     0.45400000   -10.06242513     0.07198954
     0.45600000   -10.16010195     0.07294511
     0.45800000   -10.25820803     0.07390910
     0.46000000   -10.35674339     0.07488155
     0.46200000   -10.45570803     0.07586249
     0.46400000   -10.55510193     0.07685196
     0.46600000   -10.65492511     0.07785000
     0.46800000   -10.75517756     0.07885663
     0.47000000   -10.85585927     0.07987191
     0.47200000   -10.95697026     0.08089587
     0.47400000   -11.05851051     0.08192854
     0.47600000   -11.16048003     0.08296996
     0.47800000   -11.26287881     0.08402016
     0.48000000   -11.36570686     0.08507920
     0.48200000   -11.46896417     0.08614709
     0.48400000   -11.57265074     0.08722388
     0.48600000   -11.67676658     0.08830961
     0.48800000   -11.78131167     0.08940431
     0.49000000   -11.88628602     0.09050801
     0.49200000   -11.99168963     0.09162077
     0.49400000   -12.09752250     0.09274261
     0.49600000   -12.20378463     0.09387356
     0.49800000   -12.31047601     0.09501368
     0.50000000   -12.41759664     0.09616298
     0.50200000   -12.52514653     0.09732152
     0.50400000   -12.63312566     0.09848933
     0.50600000   -12.74153405     0.09966644
     0.50800000   -12.85037169     0.10085289
     0.51000000   -12.95963858     0.10204872
     0.51200000   -13.06933471     0.10325396
     0.51400000   -13.17946009     0.10446866
     0.51600000   -13.29001472     0.10569284
     0.51800000   -13.40099859     0.10692655
     0.52000000   -13.51241170     0.10816982
     0.52200000   -13.62425406     0.10942270
     0.52400000   -13.73652565     0.11068521
     0.52600000   -13.84922649     0.11195739
     0.52800000   -13.96235657     0.11323928
     0.53000000   -14.07591588     0.11453092
     0.53200000   -14.18990443     0.11583235
     0.53400000   -14.30432221     0.11714360
     0.53600000   -14.41916923     0.11846470
     0.53800000   -14.53444548     0.11979570
     0.54000000   -14.65015096     0.12113663
     0.54200000   -14.76628568     0.12248753
     0.54400000   -14.88284962     0.12384843
     0.54600000   -14.99984280     0.12521938
     0.54800000   -15.11726520     0.12660041
     0.55000000   -15.23511682     0.12799155
     0.55200000   -15.35339767     0.12939285
     0.55400000   -15.47210775     0.13080433
     0.55600000   -15.59124705     0.13222605
     0.55800000   -15.71081557     0.13365802
     0.56000000   -15.83081331     0.13510030
     0.56200000   -15.95124026     0.13655292
     0.56400000   -16.07209644     0.13801591
     0.56600000   -16.19338183     0.13948931
     0.56800000   -16.31509644     0.14097316
     0.57000000   -16.43724027     0.14246750
     0.57200000   -16.55981330     0.14397236
     0.57400000   -16.68281555     0.14548778
     0.57600000   -16.80624701     0.14701379
     0.57800000   -16.93010768     0.14855044
     0.58000000   -17.05439756     0.15009775
     0.58200000   -17.17911664     0.15165578
     0.58400000   -17.30426493     0.15322454
     0.58600000   -17.42984243     0.15480409
     0.58800000   -17.55584913     0.15639446
     0.59000000   -17.68228503     0.15799567
     0.59200000   -17.80915013     0.15960779
     0.59400000   -17.93644443     0.16123082
     0.59600000   -18.06416793     0.16286483
     0.59800000   -18.19232063     0.16450984
     0.60000000   -18.32090252     0.16616588
     0.60200000   -18.44991361     0.16783300
     0.60400000   -18.57935389     0.16951123
     0.60600000   -18.70922336     0.17120062
     0.60800000   -18.83952203     0.17290119
     0.61000000   -18.97024988     0.17461298
     0.61200000   -19.10140692     0.17633603
     0.61400000   -19.23299315     0.17807039
     0.61600000   -19.36500856     0.17981607
     0.61800000   -19.49745316     0.18157313
     0.62000000   -19.63032694     0.18334159
     0.62200000   -19.76362991     0.18512150
     0.62400000   -19.89736205     0.18691289
     0.62600000   -20.03152337     0.18871580
     0.62800000   -20.16611387     0.19053026
     0.63000000   -20.30113355     0.19235632
     0.63200000   -20.43658240     0.19419401
     0.63400000   -20.57246043     0.19604336
     0.63600000   -20.70876762     0.19790441
     0.63800000   -20.84550399     0.19977721
     0.64000000   -20.98266953     0.20166178
     0.64200000   -21.12026424     0.20355817
     0.64400000   -21.25828811     0.20546640
     0.64600000   -21.39674115     0.20738653
     0.64800000   -21.53562336     0.20931858
     0.65000000   -21.67493472     0.21126259
     0.65200000   -21.81467525     0.21321860
     0.65400000   -21.95484494     0.21518664
     0.65600000   -22.09544379     0.21716676
     0.65800000   -22.23647179     0.21915898
     0.66000000   -22.37792895     0.22116335
     0.66200000   -22.51981527     0.22317991
     0.66400000   -22.66213074     0.22520868
     0.66600000   -22.80487536     0.22724971
     0.66800000   -22.94804913     0.22930303
     0.67000000   -23.09165205     0.23136868
     0.67200000   -23.23568412     0.23344671
     0.67400000   -23.38014533     0.23553713
     0.67600000   -23.52503569     0.23764000
     0.67800000   -23.67035519     0.23975534
     0.68000000   -23.81610384     0.24188320
     0.68200000   -23.96228162     0.24402361
     0.68400000   -24.10888854     0.24617661
     0.68600000   -24.25592460     0.24834223
     0.68800000   -24.40338980     0.25052052
     0.69000000   -24.55128413     0.25271151
     0.69200000   -24.69960760     0.25491523
     0.69400000   -24.84836019     0.25713172
     0.69600000   -24.99754192     0.25936103
     0.69800000   -25.14715278     0.26160318
     0.70000000   -25.29719276     0.26385822
     0.70200000   -25.44766187     0.26612617
     0.70400000   -25.59856010     0.26840709
     0.70600000   -25.74988746     0.27070100
     0.70800000   -25.90164393     0.27300794
     0.71000000   -26.05382953     0.27532794
     0.71200000   -26.20644425     0.27766106
     0.71400000   -26.35948808     0.28000731
     0.71600000   -26.51296103     0.28236675
     0.71800000   -26.66686309     0.28473940
     0.72000000   -26.82119426     0.28712530
     0.72200000   -26.97595455     0.28952449
     0.72400000   -27.13114394     0.29193701
     0.72600000   -27.28676244     0.29436289
     0.72800000   -27.44281005     0.29680217
     0.73000000   -27.59928676     0.29925489
     0.73200000   -27.75619258     0.30172108
     0.73400000   -27.91352750     0.30420079
     0.73600000   -28.07129152     0.30669404
     0.73800000   -28.22948463     0.30920087
     0.74000000   -28.38810684     0.31172133
     0.74200000   -28.54715815     0.31425545
     0.74400000   -28.70663856     0.31680326
     0.74600000   -28.86654805     0.31936480
     0.74800000   -29.02688663     0.32194012
     0.75000000   -29.18765431     0.32452923
     0.75200000   -29.34885107     0.32713220
     0.75400000   -29.51047692     0.32974904
     0.75600000   -29.67253185     0.33237979
     0.75800000   -29.83501586     0.33502451
     0.76000000   -29.99792896     0.33768321
     0.76200000   -30.16127113     0.34035594
     0.76400000   -30.32504239     0.34304273
     0.76600000   -30.48924272     0.34574362
     0.76800000   -30.65387212     0.34845866
     0.77000000   -30.81893060     0.35118786
     0.77200000   -30.98441815     0.35393128
     0.77400000   -31.15033476     0.35668895
     0.77600000   -31.31668045     0.35946090
     0.77800000   -31.48345520     0.36224718
     0.78000000   -31.65065902     0.36504781
     0.78200000   -31.81829190     0.36786284
     0.78400000   -31.98635384     0.37069230
     0.78600000   -32.15484485     0.37353624
     0.78800000   -32.32376491     0.37639468
     0.79000000   -32.49311402     0.37926766
     0.79200000   -32.66289220     0.38215522
     0.79400000   -32.83309942     0.38505741
     0.79600000   -33.00373570     0.38797424
     0.79800000   -33.17480102     0.39090577
     0.80000000   -33.34629540     0.39385202
