8.333333333333334	4.047547450365573	0.01476102549086389
8.337506259389082	4.043108090399933	0.014806667686586015
8.341683366733466	4.038654994476882	0.014852516307088845
8.345864661654137	4.03418810043132	0.014898572592495673
8.350050150451354	4.029707345724435	0.014944837792246642
8.354239839438033	4.025212667440889	0.014991313165182927
8.358433734939759	4.02070400228599	0.015037999979631638
8.362631843294826	4.016181286582823	0.015084899513491809
8.366834170854272	4.011644456269369	0.015132013054321035
8.371040723981901	4.0070934468956025	0.015179341899423297
8.375251509054324	4.002528193620525	0.015226887355937654
8.379466532460997	3.9979486312092263	0.015274650740927752
8.38368580060423	3.9933546940298803	0.015322633381472354
8.387909319899245	3.9887463160507193	0.01537083661475692
8.392137096774194	3.984123430837003	0.015419261788166012
8.396369137670195	3.9794859715479225	0.015467910259376851
8.400605449041372	3.9748338709335105	0.015516783396453746
8.404846037354872	3.9701670613315065	0.015565882577943573
8.40909090909091	3.9654854746641908	0.015615209192972266
8.413340070742798	3.960789042435197	0.015664764641342477
8.417593528816985	3.956077695726294	0.01571455033363205
8.42185128983308	3.9513513651941303	0.015764567691293797
8.426113360323887	3.946609981066964	0.015814818146756126
8.430379746835444	3.9418534731413475	0.01586530314352494
8.43465045592705	3.9370817707787826	0.01591602413628664
8.438925494171313	3.9322948029023523	0.01596698259101208
8.44320486815416	3.927492497993322	0.016018179985061762
8.447488584474886	3.9226747840877025	0.01606961780729219
8.451776649746192	3.9178415887727733	0.016121297558163432
8.456069070594209	3.9129928391835964	0.01617322074984766
8.460365853658537	3.9081284619994725	0.01622538890633915
8.464667005592274	3.9032483834403893	0.016277803563565153
8.468972533062054	3.8983525292634127	0.016330466269498356
8.473282442748092	3.8934408247590513	0.01638337858427032
8.477596741344195	3.888513194747596	0.01643654208028626
8.48191543555782	3.8835695635754157	0.016489958342341016
8.486238532110091	3.8786098551112276	0.01654362896773643
8.49056603773585	3.873633992742308	0.01659755556639998
8.494897959183673	3.868641899370699	0.016651739761004623
8.499234303215927	3.86363349740936	0.016706183187090107
8.503575076608785	3.8586087087782874	0.01676088749318552
8.507920286152274	3.853567454900598	0.016815854340933307
8.512269938650306	3.84850965669857	0.016871085405214627
8.516624040920716	3.8434352345896485	0.016926582374276085
8.520982599795293	3.8383441084824246	0.016982346949857844
8.525345622119817	3.8332361977725555	0.01703838084732331
8.529713114754099	3.82811142133866	0.017094685795790175
8.534085084572013	3.8229696975381664	0.017151263538262917
8.538461538461538	3.817810944203125	0.017208115831766884
8.542842483324783	3.8126350786359837	0.01726524444748374
8.54722792607803	3.807442017605316	0.017322651170888555
8.551617873651772	3.8022316773415015	0.017380337801888517
8.55601233299075	3.7970039735323797	0.017438306154963036
8.560411311053985	3.7917588213188624	0.01749655805930549
8.564814814814815	3.786496135290475	0.01755509535896673
8.569222851260937	3.7812158294808973	0.01761391991299998
8.573635427394438	3.775917817363423	0.01767303359560759
8.57805255023184	3.770602011846392	0.017732438296289427
8.582474226804125	3.765268325268582	0.017792135919992805
8.586900464156782	3.7599166693945496	0.017852128387264327
8.591331269349844	3.754546955409912	0.01791241763440344
8.595766649457923	3.7491590939166093	0.017973005613617647
8.600206611570247	3.7437529949280974	0.018033894293179618
8.604651162790699	3.738328567864507	0.01809508565758603
8.60910031023785	3.732885721547748	0.0181565817077183
8.613554061045006	3.7274243641965636	0.018218384461005165
8.618012422360248	3.7219444034215385	0.018280495951587223
8.622475401346454	3.7164457462200655	0.018342918230483115
8.626943005181348	3.71092829897125	0.01840565336575798
8.631415241057542	3.705391967430759	0.018468703442693718
8.635892116182571	3.6998366567256387	0.01853207056396122
8.64037363777893	3.6942622713490594	0.018595756849794625
8.644859813084112	3.6886687151550324	0.01865976443816762
8.64935064935065	3.683055891353041	0.018724095484971826
8.653846153846153	3.6774237025026433	0.01878875216419733
8.658346333853354	3.671772050508007	0.01885373666811524
8.662851196670136	3.666100836612407	0.01891905120746242
8.667360749609578	3.660409961392643	0.018984698011628418
8.671875	3.654699324753411	0.019050679328844695
8.676393955184992	3.648968825921627	0.019116997426375914
8.680917622523461	3.643218363440677	0.019183654590713698
8.685446009389672	3.637447835164624	0.019250653127772455
8.689979123173277	3.6316571382523497	0.019317995363087738
8.694516971279374	3.625846169161619	0.01938568364201702
8.699059561128527	3.620014823643113	0.01945372032994263
8.70360690015682	3.614162996734391	0.019522107812477176
8.7081589958159	3.608290582753774	0.0195908484956717
8.712715855572998	3.6023974752941905	0.019659944806225956
8.717277486910994	3.596483567216938	0.019729399191701483
8.721843897328444	3.5905487506453877	0.019799214120737183
8.726415094339623	3.584592916958637	0.01986939208326737
8.730991085474567	3.5786159567850766	0.01993993559074259
8.735571878279117	3.5726177599958953	0.020010847176353225
8.74015748031496	3.566598215698523	0.02008212939525551
8.744747899159664	3.560557212230003	0.020153784824800618
8.749343142406726	3.5544946371503063	0.020225816064766144
8.753943217665615	3.548410377235547	0.020298225737590905
8.758548132561808	3.542304318471152	0.020371016488612243
8.763157894736842	3.536176346044956	0.020444190986306357
8.767772511848342	3.5300263443402167	0.020517751922531566
8.772391991570075	3.523854196928563	0.020591702012774483
8.777016341591986	3.517659786562851	0.02066604399639955
8.781645569620252	3.51144299516998	0.020740780636901126
8.786279683377309	3.505203703843593	0.02081591472215919
8.7909186906019	3.4989417928367366	0.020891449064697757
8.795562599049129	3.492657141554411	0.020967386501946874
8.800211416490486	3.4863496285460576	0.02104372989650773
8.804865150713908	3.480019131497958	0.02112048213642106
8.80952380952381	3.473665527225577	0.0211976461354387
8.814187400741133	3.4672886916657872	0.02127522483329893
8.81885593220339	3.460888499869026	0.021353221196005006
8.823529411764705	3.4544648259913786	0.021431638216107156
8.828207847295864	3.4480175432865643	0.021510478912988254
8.832891246684351	3.4415465240978365	0.02158974633315296
8.837579617834395	3.435051639849807	0.021669443550520574
8.84227296866702	3.428532761040162	0.021749573666721575
8.846971307120086	3.4219897572312985	0.02183013981139803
8.851674641148326	3.4154224970418863	0.02191114514250739
8.856382978723405	3.4088308481383134	0.021992592846630656
8.861096327833954	3.4022146772260413	0.022074486139284234
8.865814696485621	3.395573850040883	0.022156828265235705
8.87053809270112	3.3889082313401686	0.022239622498823688
8.875266524520256	3.382217684893833	0.022322872144281747
8.88	3.3755020734753836	0.02240658053606653
8.884738527214514	3.368761258852774	0.022490751039190144
8.889482114255205	3.3619951017791916	0.022575387049556632
8.894230769230768	3.355203461983742	0.022660491994302805
8.898984500267238	3.3483861981620016	0.02274606933214378
8.903743315508022	3.3415431679665097	0.022832122553722484
8.908507223113963	3.3346742279971133	0.02291865518196414
8.913276231263383	3.327779233791235	0.02300567077243511
8.918050348152116	3.320858039814023	0.02309317291370632
8.92282958199357	3.313910499448387	0.023181165227721692
8.927613941018766	3.306936464984919	0.02326965137017117
8.932403433476393	3.2999357876117212	0.023358635030868727
8.937198067632849	3.2929083174040903	0.023448119934135255
8.941997851772289	3.2858539033141216	0.023538109839186406
8.946802794196667	3.2787723931601676	0.02362860854052569
8.951612903225806	3.271663633616181	0.023719619868342756
8.956428187197417	3.264527470200949	0.023811147688916803
8.96124865446717	3.2573637472672075	0.023903195905025224
8.966074313408724	3.2501723079906153	0.023995768456357987
8.970905172413792	3.242952994358614	0.024088869319937256
8.975741239892182	3.235705647159158	0.02418250251054269
8.980582524271844	3.228430105969326	0.02427667208114235
8.985429033998921	3.221126209143786	0.02437138212332936
8.990280777537796	3.2137937938031422	0.024466636767764397
8.99513776337115	3.2064326958221376	0.0245624401846243
9.0	3.1990427498177203	0.02465879658405642
9.004867495943753	3.1916237891369983	0.024755710216639047
9.00974025974026	3.184175645845011	0.024853185373848535
9.014618299945857	3.1766981507124044	0.02495122638853199
9.019501625135426	3.169191133202929	0.025049837635386974
9.024390243902438	3.1616544214608036	0.025149023531447528
9.029284164859003	3.154087842297955	0.025248788536576448
9.03418339663592	3.1464912211810736	0.02534913715396475
9.039087947882736	3.1388643822185336	0.025450073930637772
9.04399782726779	3.1312071481471575	0.025551603457968107
9.04891304347826	3.1235193403188535	0.025653730372195347
9.053833605220229	3.11580077868703	0.025756459354953652
9.058759521218716	3.1080512817929304	0.025859795133805662
9.063690800217746	3.1002706667517463	0.02596374248278449
9.068627450980392	3.0924587492385847	0.0260683062229429
9.07356948228883	3.084615343474295	0.026173491222909774
9.078516902944385	3.076740262211089	0.02627930239945486
9.083469721767594	3.068833316718007	0.02638574471806107
9.088427947598253	3.0608943167662166	0.026492823193504607
9.093391589295466	3.05292307061413	0.026600542890443266
9.098360655737705	3.0449193849923435	0.026708908924013154
9.103335155822855	3.0368830650884004	0.026817926460433343
9.108315098468271	3.0288139145313635	0.026927600717619397
9.113300492610838	3.0207117353762056	0.02703793696580532
9.11829134720701	3.0125763280880227	0.02714894052817409
9.123287671232877	3.004407491526043	0.027260616781497406
9.12828947368421	2.9962050229274424	0.027372971156784304
9.133296763576523	2.987968717890973	0.02748600913993897
9.138309549945115	2.9796983703603916	0.027599736272427716
9.14332784184514	2.971393772607675	0.027714158151955832
9.148351648351648	2.9630547152160505	0.027829280433153577
9.153380978559648	2.9546809870627997	0.027945108828272402
9.158415841584159	2.9462723753018567	0.02806164910789088
9.163456246560264	2.9378286653462165	0.02817890710163063
9.168502202643172	2.929349640850076	0.028296888698882982
9.173553719008265	2.920835083690821	0.028415599849545444
9.178610804851159	2.9122847739507236	0.028535046564769493
9.183673469387754	2.90369848989847	0.028655234917718455
9.188741721854306	2.895076007970421	0.028776171044337034
9.193815571507454	2.886417102751668	0.02889786114413127
9.198895027624308	2.8777215469568245	0.02902031148096065
9.203980099502488	2.8689891114105963	0.02914352838384109
9.209070796460177	2.8602195650281237	0.029267518247759756
9.214167127836193	2.8514126747950312	0.02939228753450232
9.219269102990033	2.8425682057472854	0.02951784277349142
9.224376731301938	2.833685920950744	0.029644190562638374
9.229490022172948	2.824765581480482	0.02977133756920689
9.234608985024959	2.815806946399866	0.02989929053068933
9.239733629300778	2.806809772739319	0.030028056255696566
9.244863964464185	2.7977738154748555	0.030157641624860593
9.25	2.788698827506328	0.03028805359175047
9.255141745414118	2.779584559635413	0.030419299183802002
9.260289210233594	2.770430760543277	0.030551385503261565
9.265442404006677	2.7612371767680135	0.030684319728143287
9.270601336302894	2.7520035526817344	0.030818109113201504
9.275766016713092	2.7427296304674056	0.03095276099091699
9.280936454849499	2.733415150095375	0.03108828277249838
9.28611266034579	2.724059849299596	0.031224681948898644
9.291294642857142	2.714663463553527	0.03136196609184704
9.296482412060302	2.7052257260457475	0.03150014285489635
9.30167597765363	2.6957463676552553	0.03163921997448607
9.306875349357183	2.6862251169264044	0.0317792052710223
9.312080536912752	2.6766617000435726	0.03192010664997302
9.317291550083938	2.667055840805452	0.03206193210298116
9.322508398656215	2.6574072605990193	0.032204689708994094
9.327731092436974	2.647715678373185	0.0323483876354104
9.332959641255606	2.6379808106120506	0.03249303413924469
9.338194054963544	2.628202371307863	0.032638637568309786
9.343434343434344	2.61838007193357	0.03278520636241773
9.348680516563729	2.6085136214150486	0.032932749054598795
9.353932584269664	2.5986027261029263	0.033081274272339936
9.359190556492411	2.588647089744074	0.03323079073884186
9.3644544431946	2.578646413452672	0.03338130727429634
9.369724254361284	2.5686003956809174	0.03353283279718297
9.375	2.558508732189348	0.03368537632558621
9.380281690140846	2.5483711160167264	0.03383894697853346
9.385569334836527	2.5381872374495824	0.03399355397735357
9.390862944162436	2.527956783991273	0.034149206647057326
9.396162528216705	2.5176794403306775	0.03430591441773943
9.401468097120272	2.507354888310464	0.03446368682600233
9.40677966101695	2.4969828068948976	0.0346225335164032
9.412097230073487	2.486562872137226	0.03478246424292367
9.41742081447964	2.4760947571466274	0.03494348887046288
9.422750424448216	2.465578132054713	0.035105617376354065
9.428086070215176	2.4550126639815333	0.03526885985190633
9.43342776203966	2.444398017001171	0.03543322650396994
9.43877551020408	2.4337338521068137	0.035598727656527766
9.444129325014181	2.423019827175374	0.03576537375231174
9.449489216799092	2.4122555969316184	0.035933175354445485
9.454855195911414	2.401440812911786	0.03610214314811381
9.460227272727272	2.390575123426705	0.03627228794225911
9.46560545764639	2.3796581735244056	0.036443620671305244
9.47098976109215	2.368689604952222	0.036616152396909324
9.476380193511668	2.357669056118317	0.03678989430974287
9.481776765375853	2.346596162052739	0.03696485773130093
9.487179487179485	2.3354705543678578	0.03714105411574217
9.492588369441277	2.324291861218301	0.037318495051758216
9.498003422703936	2.313059707260302	0.03749719226447411
9.503424657534246	2.3017737136104723	0.037677157617380407
9.508852084523129	2.2904334978039826	0.03785840311429712
9.514285714285714	2.279038673752172	0.03804094090137007
9.519725557461406	2.267588851699546	0.03822478326910048
9.525171624713959	2.2560836381801264	0.038409942654409016
9.53062392673154	2.2445226359732486	0.038596431642733214
9.536082474226804	2.2329054440586416	0.03878426297016128
9.541547277936964	2.2212316575709243	0.03897344952560078
9.547018348623853	2.2095008677534307	0.03916400435298425
9.552495697074011	2.197712661911337	0.03935594065351221
9.557979334098736	2.1858666233641637	0.03954927178793356
9.563469270534176	2.1739623313975325	0.03974401127886542
9.568965517241379	2.1619993612142765	0.03994017281315149
9.574468085106384	2.149977283884773	0.04013777024426174
9.579976985040275	2.137895666296626	0.040336817594731726
9.585492227979273	2.1257540711035428	0.04053732905864499
9.591013824884794	2.113552056673492	0.040739319004157344
9.596541786743515	2.1012891770361097	0.040942801976064515
9.602076124567475	2.0889649818292906	0.04114779269841472
9.607616849394114	2.076579016245033	0.04135430607716564
9.613163972286372	2.0641308209744413	0.041562357202888194
9.618717504332755	2.0516199321519277	0.04177196135351687
9.6242774566474	2.039045881298601	0.04198313399714782
9.629843840370157	2.0264081952647763	0.04219589079488629
9.635416666666666	2.0137063961716235	0.04241024760374394
9.640995946728431	2.0009400013519665	0.04262622047958651
9.646581691772885	1.9881085232901938	0.04284382568013341
9.652173913043478	1.9752114695612024	0.043063079668011116
9.657772621809745	1.9622483427685005	0.043283999113859335
9.66337782936738	1.9492186404813001	0.04350660089949319
9.668989547038327	1.9361218551706914	0.0437309021211213
9.674607786170832	1.9229574741448494	0.04395692009262084
9.680232558139535	1.9097249794832174	0.04418467234887177
9.685863874345548	1.8964238479696984	0.04441417664915055
9.691501746216531	1.8830535510248194	0.04464545098058476
9.697146185206755	1.8696135546368762	0.04487851356166949
9.702797202797203	1.8561033192919463	0.045113382845848385
9.708454810495626	1.8425222999029012	0.04535007752515806
9.71411901983664	1.8288699457372453	0.04558861653393996
9.719789842381786	1.8151457003438762	0.04582901905261879
9.725467289719626	1.8013490014786984	0.04607130451155015
9.73115137346581	1.7874792810290239	0.046315492594939174
9.736842105263158	1.773535964936876	0.046561603244829664
9.742539496781744	1.7595184731209803	0.04680965666516826
9.748243559718968	1.7454262193976333	0.04705967332594177
9.753954305799649	1.731258611400211	0.047311673967392665
9.759671746776084	1.7170150504975106	0.047565679604311024
9.765395894428151	1.702694931710691	0.04782171153040788
9.77112676056338	1.688297643628965	0.04807979132276871
9.776864357017027	1.6738225683239167	0.04833994084639061
9.782608695652174	1.6592690812624222	0.04860218225880493
9.788359788359788	1.6446365512182295	0.04886653801478551
9.794117647058824	1.6299243401820354	0.049133030871147176
9.799882283696292	1.615131803270199	0.04940168389163314
9.80565371024735	1.6002582886318852	0.04967252045189646
9.81143193871538	1.5853031373547728	0.049945564244574976
9.817216981132075	1.5702656833691928	0.05022083928446325
9.823008849557523	1.5551452533506984	0.050498369913783404
9.828807556080283	1.5399411666210607	0.05077818080755634
9.834613112817484	1.5246527350476031	0.051060296979076845
9.840425531914894	1.5092792629409357	0.0513447437854928
9.846244825547013	1.4938200469509273	0.05163154693349362
9.85207100591716	1.4782743759610215	0.05192073248510738
9.857904085257548	1.4626415309807583	0.05221232686361121
9.863744075829384	1.446920785036521	0.05250635685955647
9.869590989922939	1.431111403060458	0.05280284963691146
9.875444839857652	1.4152126417775304	0.0531018327393246
9.881305637982196	1.399223749590704	0.053403334096509776
9.887173396674585	1.383143966464144	0.05370738203075849
9.893048128342246	1.3669725238045127	0.05401400526357909
9.898929845422117	1.350708644340183	0.054323232922468864
9.904818560380726	1.3343515419984622	0.054635094547819264
9.910714285714286	1.317900421780689	0.05494962009995927
9.916617033948778	1.301354479635212	0.055266839966339146
9.922526817640048	1.2847129023281914	0.055586784968857814
9.928443649373882	1.2679748673121702	0.05590948637133764
9.93436754176611	1.2511395425924157	0.0562349758871491
9.940298507462686	1.234206086590896	0.05656328568699026
9.946236559139784	1.217173648007963	0.05689444840682276
9.952181709503884	1.2000413656815898	0.05722849715596963
9.958133971291867	1.1828083684441657	0.057565465525377855
9.964093357271095	1.1654737749768065	0.05790538759604928
9.970059880239521	1.1480366936610689	0.05824829794764518
9.976033553025763	1.130496222428131	0.05859423166726603
9.98201438848921	1.1128514486052226	0.05894322435841402
9.988002399520095	1.0951014487594355	0.059295312150138973
9.993997599039616	1.0772452885386705	0.05965053170637551
10.0	1.0592820225098423	0.060008920235472815
10.006009615384615	1.0412106939941381	0.06037051549992396
10.012026458208059	1.0230303348993581	0.060735355826298534
10.018050541516244	1.0047399655492413	0.06110348011538325
10.024081878386514	0.986338594509696	0.06147492785253673
10.03012048192771	0.967825218411967	0.061849739118261055
10.03616636528029	0.9491988217724866	0.06222795459899958
10.042219541616404	0.9304583768095698	0.06260961559816133
10.048280024140013	0.9116028432566875	0.06299476404738208
10.054347826086957	0.892631168172378	0.06338344251802482
10.060422960725075	0.8735422857466457	0.06377569423292716
10.066505441354293	0.8543351171038011	0.06417156307840127
10.072595281306715	0.8350085701017137	0.06457109361649128
10.078692493946733	0.8155615391272606	0.06497433109749785
10.084797092671108	0.7959929048880903	0.06538132147277183
10.09090909090909	0.7763015342004022	0.06579211140778869
10.097028502122498	0.75648627977285	0.0662067482955065
10.103155339805825	0.7365459799863575	0.06662528027001703
10.10928961748634	0.7164794586698039	0.06704775622049661
10.11543134872418	0.6962855248714848	0.06747422580546437
10.121580547112462	0.6759629726262355	0.06790473946735572
10.127737226277372	0.6555105807182058	0.0683393484474176
10.13390139987827	0.6349271124390038	0.06877810480093755
10.140073081607795	0.6142113153413439	0.06922106141280987
10.146252285191956	0.5933619209879043	0.0696682720134518
10.152439024390244	0.5723776446953892	0.07011979119507657
10.158633312995729	0.5512571852736524	0.0705756744283329
10.164835164835166	0.529999224759782	0.07103597807932083
10.17104459376909	0.5086024281470329	0.07150075942699284
10.177261613691932	0.4870654431084496	0.07197007668095176
10.18348623853211	0.4653868997151885	0.07244398899965278
10.189718482252141	0.4435654101491827	0.07292255650902509
10.195958358848744	0.4215995684103068	0.07340584032151827
10.202205882352942	0.399487950017666	0.07389390255558972
10.208461066830166	0.37722911170502765	0.07438680635564164
10.214723926380367	0.3548215911102102	0.07488461591242052
10.220994475138122	0.33226390645824166	0.0753873964838922
10.227272727272727	0.3095545562382852	0.07589521441660274
10.233558696988323	0.2866920188739635	0.07640813716754212
10.239852398523984	0.26367475238718807	0.07692623332651935
10.246153846153845	0.24050119405508624	0.0774495726390677
10.252463054187192	0.21716976006008182	0.07797822602989017
10.258780036968577	0.19367884513280836	0.07851226562686284
10.265104808877929	0.17002682218776224	0.07905176478560988
10.271437384330659	0.14621204195151685	0.07959679811466598
10.277777777777779	0.12223283258328271	0.0801474415012429
10.28412600370599	0.09808749928771096	0.08070377213761523
10.290482076637824	0.0737743239196011	0.08126586854814558
10.296846011131725	0.04929156458052085	0.0818338106169626
10.303217821782178	0.024637455206974267	0.08240767961631355
10.309597523219814	-0.0001897948500345293	0.08298755823560922
10.315985130111523	-0.02519200125419497	0.08357353061117902
10.32238065716057	-0.05037100512217294	0.08416568235675924
10.328784119106698	-0.0757286734710432	0.08476410059473097
10.335195530726258	-0.10126689967532514	0.08536887398813452
10.341614906832298	-0.12698760393358227	0.08598009277347574
10.348042262274705	-0.1528927337450999	0.08659784879435313
10.354477611940299	-0.17898426439666337	0.08722223553592441
10.360920970752955	-0.2052641994598423	0.08785334816023936
10.367372353673725	-0.23173457129897496	0.088491283542463
10.373831775700934	-0.25839744159012257	0.08913614030801442
10.380299251870325	-0.2852549018513453	0.08978801887064969
10.386774797255146	-0.312309073984417	0.09044702147151229
10.393258426966291	-0.3395621108285285	0.09111325221918552
10.399750156152404	-0.36701619672601515	0.09178681713076961
10.40625	-0.39467354810060357	0.09246782417401836
10.412757973733584	-0.42253641404843073	0.09315638331056497
10.419274092615769	-0.45060707694217583	0.09385260654026928
10.425798371947401	-0.4788878530486501	0.09455660794672022
10.432330827067668	-0.5073810931601402	0.0952685037439266
10.438871473354233	-0.5360891832400208	0.09598841232423548
10.445420326223337	-0.5650145450827654	0.09671645430750923
10.451977401129943	-0.5941596369890283	0.09745275259160646
10.458542713567839	-0.6235269544559003	0.09819743240419905
10.465116279069768	-0.6531190308829792	0.09895062135597182
10.471698113207548	-0.6829384382945439	0.09971244949524403
10.478288231592195	-0.7129877880783014	0.10048304936405655
10.484886649874056	-0.7432697317411864	0.10126255605577192
10.491493383742911	-0.773786961682552	0.10205110727422964
10.498108448928122	-0.8045422119854376	0.10284884339451152
10.504731861198739	-0.8355382592261459	0.10365590752535991
10.511363636363637	-0.8667779233028567	0.1044724455733068
10.518003790271637	-0.8982640682836541	0.10529860630856334
10.524652338811629	-0.9299996032745422	0.10613454143272694
10.531309297912713	-0.9619874833080787	0.10698040564836483
10.537974683544304	-0.9942307102529871	0.10783635673052852
10.544648511716277	-1.0267323337456624	0.10870255560026962
10.551330798479087	-1.0594954521437794	0.10957916640020993
10.558021559923906	-1.0925232135030438	0.11046635657224378
10.564720812182742	-1.1258188165773495	0.11136429693743025
10.571428571428571	-1.1593855118433123	0.11227316177815513
10.578144853875477	-1.1932266025496627	0.1131931289226308
10.584869675778766	-1.22734544579234	0.11412437983181344
10.591603053435115	-1.261745453615959	0.11506709968881611
10.598345003182686	-1.2964300941423588	0.11602147749089776
10.605095541401274	-1.3314028927272101	0.11698770614411923
10.611854684512428	-1.3666674331451873	0.11796598256074597
10.618622448979592	-1.4022273588048944	0.11895650775949979
10.625398851308232	-1.4380863739940593	0.11995948696874392
10.632183908045977	-1.474248245156168	0.12097512973270959
10.638977635782748	-1.5107168021993085	0.1220036500208609
10.645780051150894	-1.5474959398382182	0.1230452663405067
10.652591170825337	-1.5845896189705715	0.12410020185277126
10.659411011523687	-1.6220018680883728	0.12516868449203367
10.666239590006406	-1.6597367847257722	0.12625094708896345
10.673076923076923	-1.6977985369441062	0.12734722749726782
10.679923027581783	-1.736191364855493	0.12845776872428463
10.686777920410783	-1.7749195821860941	0.12958281906555416
10.693641618497109	-1.8139875778802106	0.13072263224350672
10.700514138817482	-1.853399817746542	0.13187746755041327
10.707395498392282	-1.8931608461477922	0.13304758999574615
10.714285714285715	-1.9332752877351376	0.1342332704581115
10.721184803605924	-1.9737478492287135	0.13543478584190832
10.728092783505154	-2.0145833212458353	0.13665241923889226
10.735009671179885	-2.0557865801781374	0.13788646009481106
10.741935483870968	-2.0973625901194475	0.1391372043813019
10.748870238863784	-2.1393164048458426	0.14040495477323756
10.75581395348837	-2.1816531698495374	0.1416900208317193
10.762766645119587	-2.2243781244284873	0.14299271919292764
10.76972833117723	-2.267496603833144	0.1443133737630357
10.776699029126213	-2.311014041472725	0.14565231591942543
10.783678756476684	-2.3549359711823437	0.14700988471842139
10.790667530784187	-2.3992680295534217	0.14838642710979996
10.797665369649806	-2.444015958329218	0.1497822981583191
10.80467229072031	-2.4891856068676774	0.15119786127253546
10.811688311688313	-2.5347829346738586	0.15263348844118552
10.818713450292398	-2.580814014004048	0.1540895604774104
10.825747724317296	-2.6272850325443233	0.1555664672711377
10.832791151594014	-2.674202296165559	0.1570646080499144
10.83984375	-2.7215722317579267	0.15858439164853408
10.846905537459284	-2.769401390147178	0.16012623678778462
10.853976531942633	-2.8176964490957155	0.16169057236267897
10.86105675146771	-2.866464216391285	0.1632778377405376
10.868146214099216	-2.915711633026219	0.16488848306930654
10.875244937949054	-2.96544577647048	0.16652296959652008
10.88235294117647	-3.015673864041487	0.16818176999932108
10.889470241988228	-3.0664032563745307	0.16986536872599367
10.896596858638743	-3.117641460996741	0.17157426234945194
10.903732809430256	-3.1693961360086917	0.17330895993317988
10.910878112712975	-3.2216750938771836	0.17506998341011862
10.918032786885245	-3.2744863053432476	0.1768578679750297
10.925196850393702	-3.3278379034494496	0.17867316249088447
10.932370321733421	-3.381738187690654	0.18051642990985242
10.939553219448095	-3.436195628293001	0.18238824770950054
10.946745562130177	-3.4912188706252585	0.1842892083448192
10.953947368421053	-3.546816739747882	0.18621991971675253
10.961158657011191	-3.6029982451043487	0.18818100565790882
10.968379446640316	-3.6597725853603076	0.19017310643618604
10.975609756097562	-3.7171491533958525	0.19219687927706636
10.982849604221634	-3.775137541456635	0.19425299890537573
10.990099009900991	-3.8337475464698065	0.19634215810734446
10.997357992073976	-3.892989175530746	0.19846506831383423
11.004626569729014	-3.952872651567429	0.20062246020566302
11.011904761904761	-4.01340841918866	0.2028150843419704
11.019192587690272	-4.074607150723641	0.20504371181264933
11.026490066225165	-4.13647975245987	0.20730913491588857
11.033797216699801	-4.199037371087246	0.2096121678619479
11.041114058355438	-4.262291400356199	0.2119536475043245
11.048440610484406	-4.326253487958291	0.21433443409954028
11.055776892430279	-4.390935542638005	0.21675541209683796
11.06312292358804	-4.456349741544676	0.2192174909591331
11.070478723404255	-4.522508537834386	0.2217216060166537
11.077844311377245	-4.589424668531442	0.2242687193547534
11.085219707057258	-4.657111162660044	0.2268598207374748
11.092604930046637	-4.725581349657014	0.22949592856851922
11.1	-4.794848868076926	0.2321780908913613
11.107404936624416	-4.864927674601626	0.23490738643034326
11.114819759679571	-4.935832053366427	0.2376849256746724
11.122244488977957	-5.007576625616501	0.24051185200737044
11.129679144385026	-5.08017635970648	0.2433893428812925
11.137123745819398	-5.153646581458408	0.2463186110445016
11.144578313253012	-5.228002984892279	0.24930090581734923
11.15204286671132	-5.303261643345499	0.25233751442379326
11.159517426273458	-5.379439020997622	0.2554297633795949
11.167002012072434	-5.456551984817477	0.25857901994017934
11.174496644295303	-5.534617816951276	0.2617866936111257
11.182001343183344	-5.613654227570245	0.26505423772437875
11.189516129032258	-5.693679368198495	0.2683831510834993
11.197041022192334	-5.774711845541458	0.2717749796814008
11.204576043068641	-5.856770735837412	0.27523131849426274
11.212121212121213	-5.939875599755271	0.27875381335550425
11.219676549865229	-6.024046497862836	0.28234416291391806
11.227242076871208	-6.109304006691389	0.28600412068032305
11.234817813765181	-6.195669235423297	0.28973549716732144
11.2424037812289	-6.283163843231557	0.29354016212706063
11.25	-6.3718100573002685	0.2974200468921192
11.257606490872211	-6.46163069155855	0.3013771468250357
11.265223274695535	-6.552649166159924	0.30541352388222887
11.272850372376439	-6.644889527742904	0.3095313092984959
11.28048780487805	-6.738376470508961	0.3137327063985838
11.288135593220337	-6.833135358156897	0.3180199935427701
11.295793758480327	-6.929192246714501	0.3223955272138009
11.30346232179226	-7.026573908310066	0.3268617452529687
11.311141304347826	-7.12530785593014	0.3314211702536631
11.318830727396328	-7.225422369210545	0.3360764131211662
11.326530612244898	-7.326946521312001	0.3408301768080955
11.334240980258679	-7.42991020693355	0.34568526023545115
11.341961852861035	-7.534344171520563	0.35064456240989095
11.349693251533743	-7.640280041727043	0.35571108674852997
11.357435197817189	-7.747750357195264	0.360887945623291
11.365187713310581	-7.856788603720335	0.36617836513766977
11.37295081967213	-7.967429247869501	0.37158569014954285
11.380724538619276	-8.079707773132423	0.3771133895546697
11.388508891928865	-8.193660717680702	0.3827650618464038
11.396303901437372	-8.309325713821679	0.38854444096827845
11.404109589041097	-8.426741529235413	0.3944554024772083
11.411925976696367	-8.545948110089647	0.4005019700362969
11.419753086419753	-8.666986626133216	0.40668832225754054
11.427590940288264	-8.789899517874343	0.4130187999161334
11.43543956043956	-8.914730545957639	0.4194979135596371
11.443298969072165	-9.041524842859445	0.4261303515368678
11.451169188445666	-9.17032896703014	0.43292098847319654
11.459050240880936	-9.30119095961892	0.43987489422082365
11.46694214876033	-9.434160403926244	0.44699734331470425
11.474844934527912	-9.569288487737994	0.4542938249670284
11.482758620689655	-9.706628068705024	0.46177005363556367
11.490683229813666	-9.846233742944019	0.469431980203873
11.498618784530386	-9.988161917044826	0.4772858038141474
11.506565307532826	-10.132470883684672	0.48533798439663084
11.514522821576763	-10.279220901059958	0.4935952559427938
11.522491349480969	-10.428474276363769	0.5020646405732169
11.530470914127424	-10.580295453550258	0.5107534634549546
11.538461538461538	-10.734751105645264	0.519669368627526
11.546463245492372	-10.891910231880058	0.5288203358013217
11.55447605829285	-11.051844259943952	0.5382146981972581
11.562500000000002	-11.214627153674197	0.5478611615021538
11.570535093815149	-11.380335526521467	0.5577688240201628
11.578581363004172	-11.549048761157238	0.5679471981073959
11.586638830897703	-11.720849135612166	0.5784062329838222
11.594707520891365	-11.895821956366156	0.589156339024572
11.602787456445993	-12.074055698840503	0.6002084136412559
11.610878661087865	-12.255642155776071	0.6115738688733098
11.618981158408934	-12.440676594018742	0.6232646608197063
11.627094972067038	-12.629257920272	0.6352933210525795
11.635220125786164	-12.82148885642098	0.6476729901667793
11.643356643356643	-13.017476125077259	0.6604174536328227
11.65150454863541	-13.217330646046557	0.6735411801357687
11.659663865546218	-13.421167744475289	0.6870593625988429
11.667834618079887	-13.629107371493612	0.7009879621088029
11.67601683029453	-13.841274338237993	0.7153437549799075
11.68421052631579	-14.057798564207463	0.7301443832152751
11.692415730337078	-14.278815340988801	0.7454084086488276
11.700632466619817	-14.50446561246831	0.7611553710775957
11.708860759493671	-14.734896272745207	0.7774058507240216
11.717100633356791	-14.970260483062585	0.7941815354006104
11.725352112676056	-15.210718009185824	0.8115052927857312
11.733615221987316	-15.456435580781866	0.8294012482597602
11.741889985895627	-15.707587274489283	0.8478948687956438
11.750176429075513	-15.964354922518718	0.8670130534478937
11.758474576271185	-16.22692854878743	0.8867842310395493
11.76678445229682	-16.49550683477523	0.9072384657087599
11.775106082036775	-16.770297617486005	0.928407571045549
11.78343949044586	-17.051518422124207	0.9503252336269121
11.791784702549576	-17.339397032336393	0.9730271468445817
11.800141743444366	-17.634172101141107	0.9965511560168887
11.808510638297873	-17.936093805968024	1.0209374158846418
11.816891412349182	-18.245424551560827	1.0462285617131089
11.82528409090909	-18.562439724866646	1.0724698953594136
11.83368869936034	-18.887428506444657	1.0997095878192393
11.842105263157894	-19.22069474338404	1.1279988999412187
11.850533807829182	-19.562557889229016	1.1573924231942707
11.85897435897436	-19.91335401697746	1.1879483425960673
11.867426942266572	-20.27343691185298	1.2197287241632078
11.87589158345221	-20.643179251261415	1.252799829530285
11.884368308351178	-21.022973880137695	1.2872324607106091
11.892857142857142	-21.41323519077977	1.323102338341954
11.901358112937812	-21.8144006172739	1.360490517183857
11.909871244635193	-22.22693225573804	1.3994838431154308
11.918396564065855	-22.651318622888198	1.440175456435897
11.926934097421203	-23.088076566865208	1.4826653469034408
11.935483870967742	-23.537753345885076	1.5270609666760806
11.944045911047347	-24.000928892115084	1.5734779081560084
11.95262024407753	-24.47821828026478	1.6220406547050157
11.961206896551724	-24.970274422753633	1.672883413315148
11.96980589503954	-25.477791016015363	1.7261510396113584
11.97841726618705	-26.00150576558306	1.7820000670636789
11.987041036717063	-26.542203921116226	1.840599854031187
11.995677233429396	-27.100722156562494	1.9021338642944838
12.004325883201155	-27.677952835273516	1.9668010991108864
12.012987012987011	-28.274848705208118	2.0348177016109052
12.021660649819495	-28.892428075485142	2.10641875762516
12.030346820809248	-29.531780532616875	2.181860320880875
12.039045553145336	-30.194073262946144	2.261421695053553
12.047756874095514	-30.880558057292834	2.345408010539641
12.056480811006518	-31.59257908486449	2.434153140206445
12.065217391304348	-32.33158153634076	2.528023005982461
12.073966642494561	-33.099121251076056	2.6274193372389507
12.082728592162555	-33.89687546097012	2.732783952801858
12.091503267973856	-34.72665480423815	2.8446036515230335
12.100290697674419	-35.59041678666978	2.9634158121295013
12.10909090909091	-36.490280896736465	3.089814822183642
12.117903930131003	-37.42854561499809	3.224459479211889
12.126729788783685	-38.407707598746896	3.368081535382295
12.135568513119534	-39.43048337111349	3.521495591795377
12.144420131291028	-40.499833901574426	3.685610591093759
12.153284671532846	-41.61899253405885	3.861443209751192
12.162162162162163	-42.791496802221026	4.050133516709166
12.171052631578947	-44.021224772164814	4.252963346408779
12.179956108266277	-45.31243667502585	4.471377936164578
12.18887262079063	-46.66982274042822	4.707011506065282
12.197802197802197	-48.09855832339957	4.961717621832036
12.20674486803519	-49.6043676399917	5.237605387467036
12.215700660308144	-51.19359770105129	5.537082778631887
12.22466960352423	-52.87330437261598	5.862908767690242
12.233651726671564	-54.65135291233638	6.218256331825371
12.24264705882353	-56.53653585617008	6.6067890101214015
12.251655629139073	-58.53871178673925	7.032754430000499
12.260677466863033	-60.66896934107217	7.50109922169137
12.269712601326455	-62.93982185869878	8.017611070489078
12.278761061946902	-65.36543939356191	8.589095445989397
12.287822878228782	-67.96192649567404	9.223596973835448
12.296898079763663	-70.7476563159114	9.930678735592263
12.3059866962306	-73.74367433513868	10.72177736918826
12.315088757396449	-76.97418853990759	11.610658243929162
12.32420429311621	-80.46716737801347	12.614004014901191
12.333333333333332	-84.25507259064672	13.752182747172204
12.34247590808006	-88.37576133166434	15.050260408614962
12.351632047477745	-92.87360114071518	16.539349747388066
12.360801781737194	-97.8008525113048	18.258427918211122
12.36998514115899	-103.21938678022396	20.256815890578896
12.379182156133828	-109.20282066491522	22.597605267373496
12.388392857142858	-115.83915945289725	25.362461683527446
12.397617274758003	-123.23403972792117	28.658460083663385
12.406855439642325	-131.51462872421789	32.627969285175
12.416107382550335	-140.83412305980755	37.463192485807866
12.425373134328359	-151.37648558678399	43.427943599521214
12.434652725914862	-163.3603152590063	50.89086575904746
12.443946188340808	-177.03898049624223	60.37703030649404
12.453253552729993	-192.68999091254872	72.64940023097992
12.4625748502994	-210.57674846125747	88.83888180845564
12.47191011235955	-230.84235422196969	110.65168616334506
12.481259370314842	-253.23906733472054	140.68970002186398
12.490622655663916	-276.466380921623	182.8906470505434
12.5	-296.6183252518774	242.89017610166076
12.50939143501127	-303.89111525308584	327.2406293454656
12.518796992481203	-277.5679895926148	437.81859478055554
12.528216704288939	-187.1591108757297	555.0396885168984
12.53765060240964	-23.81206718823747	621.6120853785601
12.547098718914844	154.05807796038582	586.4439553721177
12.55656108597285	270.5851541513572	478.21938289614474
12.566037735849056	314.8666416301736	361.47878334702364
12.575528700906345	315.8262205053792	268.01282243304036
12.585034013605442	298.4474040366874	200.58795694778763
12.594553706505295	275.60953842065237	153.1638810951116
12.604087812263437	252.70723889261194	119.58864050687484
12.613636363636363	231.67099975416596	95.37908629531259
12.62319939347991	212.9958208315672	77.54102189523094
12.63277693474962	196.62603458803613	64.1117497018163
12.642369020501139	182.3212252760784	53.796472246940425
12.651975683890578	169.80215257669798	45.7271448379115
12.661596958174906	158.80534543936125	39.31037417496806
12.67123287671233	149.10030258927793	34.13228725820055
12.680883472962682	140.4918452641818	29.89854706716982
12.690548780487806	132.81703798553917	26.39595672487737
12.700228832951945	125.94056017944241	23.467442857645807
12.709923664122137	119.75006383237692	20.995453164998395
12.719633307868602	114.15205842162099	18.890736491475472
12.729357798165138	109.06845233993202	17.084627388844638
12.739097169089519	104.43371925192511	15.523652614469071
12.74885145482389	100.19260453697564	14.165702187469275
12.758620689655173	96.2982781873305	12.977271701893997
12.768404907975459	92.71084866464372	11.931449316219613
12.778204144282427	89.39616541576561	11.006427815452161
12.788018433179722	86.32485114916234	10.184391875822781
12.797847809377402	83.47151680593659	9.45067681223608
12.807692307692308	80.8141219801694	8.793126075300634
12.8175519630485	78.33345144121385	8.201595857212425
12.827426810477657	76.01268465677394	7.667569710765737
12.837316885119508	73.83704011280372	7.183856239501886
12.847222222222223	71.79348005096034	6.744350087861841
12.857142857142856	69.87046422864488	6.343841580214052
12.867078825347757	68.0577436374918	5.977864051344273
12.877030162412993	66.34618694063771	5.642570601946256
12.886996904024768	64.7276338215187	5.334633991302645
12.896979085979861	63.194770565558166	5.051164847059145
12.906976744186046	61.741024088798184	4.789644469795286
12.91698991466253	60.36047133649676	4.547869337715527
12.92701863354037	59.047761540126665	4.323905045409133
12.937062937062938	57.79804927406237	4.1160478915195835
12.947122861586314	56.60693661745631	3.922792700541361
12.957198443579767	55.47042302095757	3.742805751068937
12.967289719626168	54.38486171650983	3.5749019067610655
12.977396726422448	53.3469217026984	3.4180252219699288
12.987519500780031	52.35355449693792	3.2712324326030733
12.997658079625293	51.40196497611033	3.133678852737419
13.0078125	50.489585734619524	3.0046062851704605
13.017982799061766	49.61405447758987	2.8833326243347894
13.028169014084506	48.773194040573884	2.7692428865462575
13.038371182458887	47.96499468845668	2.6617814482834152
13.04858934169279	47.187598397453414	2.5604453103323555
13.058823529411764	46.43928486703231	2.4647782359213815
13.069073783359498	45.71845904467788	2.3743656357712766
13.079340141398273	45.023639976844244	2.288830093375008
13.089622641509433	44.353450825191636	2.2078274406426255
13.099921321793865	43.706609909027804	2.131043307975349
13.11023622047244	43.081922653455464	2.05819008440714
13.120567375886525	42.4782743385548	1.989004233099025
13.130914826498422	41.89462355849036	1.9232439155425842
13.14127861089187	41.329996311028644	1.8606868845969675
13.151658767772512	40.783480647944025	1.8011286121816115
13.16205533596838	40.25422182538067	1.7443806222532152
13.17246835443038	39.74141790066705	1.6902690037644073
13.182897862232778	39.24431572850043	1.6386330817532275
13.193343898573692	38.7622073149945	1.5893242276500803
13.203806502775574	38.29442649292575	1.5422047923939446
13.214285714285714	37.84034588573236	1.4971471480917944
13.224781572676727	37.39937413150278	1.4540328257915003
13.23529411764706	36.97095334141056	1.41275173851586
13.24582338902148	36.554556769872626	1.3732014800637191
13.256369426751592	36.14968667618515	1.3352866912563102
13.266932270916335	35.75587235956738	1.2989184863204684
13.277511961722487	35.37266835146517	1.2640139329790263
13.288108539505187	34.99965275065257	1.23049558058089
13.298722044728434	34.636425688173496	1.1982910312675097
13.309352517985612	34.282607910483755	1.1673325497502716
13.32	33.93783947033112	1.1375567077787245
13.3306645316253	33.6017785159544	1.108904059821425
13.341346153846155	33.27410017010903	1.0813188468683246
13.352044907778668	32.954495491253844	1.0547487256036685
13.362760834670949	32.64267050997055	1.0291445204972711
13.373493975903614	32.33834533434723	1.004459996625424
13.384244372990354	32.04125331864302	0.9806516512647351
13.395012067578438	31.75114029008393	0.9576785225077941
13.405797101449275	31.467763829107295	0.9355020133307256
13.416599516518938	31.19089259880172	0.914085729703923
13.42741935483871	30.920305719669482	0.893395331479948
13.438256658595643	30.655792186182218	0.8733983949194312
13.449111470113085	30.39715032191214	0.8540642858288745
13.459983831851252	30.144187270299074	0.8353640423847608
13.470873786407767	29.896718518368065	0.8172702668082866
13.481781376518219	29.654567450939407	0.7997570251351372
13.492706645056726	29.41756493308095	0.7827997543965874
13.503649635036497	29.185548918739745	0.7663751765924139
13.51461038961039	28.95836408366019	0.7504612188937569
13.525588952071486	28.73586148085086	0.7350369395658103
13.536585365853659	28.517898217001736	0.7200824591466741
13.547599674532139	28.30433714838359	0.7055788964606575
13.558631921824103	28.095046594874287	0.6915083090817921
13.569682151589243	27.889900070867323	0.6778536378975755
13.580750407830342	27.688776031910983	0.6645986554533972
13.591836734693878	27.49155763601741	0.6517279177859442
13.602941176470589	27.298132518661156	0.6392267194789505
13.614063777596076	27.108392580560793	0.6270810516973196
13.62520458265139	26.92223378740504	0.615277562976246
13.636363636363635	26.739555980747173	0.6038035225606129
13.647540983606557	26.5602626993489	0.5926467861069478
13.658736669401149	26.38426101030619	0.581795763575518
13.669950738916256	26.211461349339007	0.5712393891542705
13.681183237469186	26.041777369670182	0.5609670930690077
13.692434210526317	25.875125798960244	0.5509687751458654
13.703703703703702	25.711426303801417	0.5412347800027113
13.714991762767712	25.55060136130979	0.5317558737558169
13.726298433635613	25.392576137386143	0.5225232221369897
13.737623762376238	25.237278371244184	0.5135283699243626
13.74896779521057	25.084638265834794	0.5047632215975884
13.760330578512397	24.93458838381698	0.4962200231348
13.771712158808933	24.787063548751725	0.4878913448750203
13.783112582781458	24.642000751215253	0.4797700653753443
13.79453189726595	24.499339059548827	0.4718493561974768
13.80597014925373	24.359019534979954	0.4641226675629753
13.817427385892115	24.22098515086765	0.4565837148209852
13.82890365448505	24.085180715840227	0.449226465676326
13.840399002493765	23.95155280060808	0.4420451281294743
13.851913477537437	23.820049668248775	0.4350341390834854
13.863447127393838	23.690621207773525	0.4281881535760291
13.875	23.563218870796703	0.42150203459766694
13.886572143452879	23.43779561114033	0.4149708434601707
13.898163606010018	23.31430582721656	0.4085898306812015
13.909774436090224	23.19270530704011	0.4023544273539547
13.921404682274247	23.07295117573164	0.3962602369725071
13.933054393305438	22.95500184538191	0.3903030276855957
13.944723618090451	22.83881696715333	0.3844787249533376
13.956412405699917	22.724357385503737	0.37878340458313864
13.968120805369129	22.61158509442337	0.3732132861225719
13.979848866498742	22.500463195582682	0.367764726588473
13.99159663865546	22.390955858294383	0.36243421451284563
14.00336417157275	22.283028281198455	0.3572183642874112
14.015151515151514	22.176646655584804	0.35211391078982623
14.026958719460826	22.071778130271984	0.34711770427563204
14.038785834738617	21.968390777965784	0.342226705521037
14.050632911392405	21.866453563025587	0.33743798120255647
14.0625	21.765936310570087	0.3327486995004003
14.07438715131023	21.666809676857998	0.3281561259133102
14.086294416243655	21.569045120882873	0.3236576192733144
14.09822184589331	21.47261487712431	0.31925062794955145
14.110169491525424	21.377491929401007	0.31493268623098714
14.122137404580153	21.283649985774233	0.310701410878462
14.134125636672326	21.191063454452596	0.3065544978370591
14.146134239592184	21.09970742065201	0.3024897191003422
14.158163265306124	21.009557624366852	0.29850491971849263
14.170212765957448	20.92059043901096	0.2945980149428548
14.18228279386712	20.83278285088872	0.2907669874998235
14.194373401534525	20.74611243945916	0.2870098849874242
14.206484641638225	20.66055735835745	0.28332481738832077
14.21861656703672	20.576096317140042	0.27970995469333076
14.23076923076923	20.492708563721596	0.2761635246298776
14.242942686056459	20.410373867473275	0.272683810490119
14.25513698630137	20.3290725029535	0.26926914905378113
14.267352185089974	20.248785234243844	0.265917928601012
14.279588336192111	20.16949329986385	0.262628587010822
14.291845493562231	20.09117839824006	0.2593996099409252
14.304123711340205	20.013822673705647	0.25622952908502317
14.316423043852106	19.93740870300817	0.2531169205037938
14.328743545611015	19.861919482304067	0.25006040302603455
14.34108527131783	19.787338414619544	0.24705863671662118
14.35344827586207	19.7136492977585	0.24411032140810326
14.365832614322693	19.64083631263894	0.2412141952929369
14.378238341968913	19.568884012040375	0.23836903357350986
14.390665514261022	19.497777309745288	0.2355736471672613
14.40311418685121	19.42750147005884	0.2328268814643472
14.415584415584416	19.358042097691257	0.23012761513541943
14.428076256499134	19.289385127988762	0.22747475898723477
14.440589765828275	19.2215168174987	0.2248672548639017
14.453125	19.154423734855865	0.2223040745917021
14.465682015638576	19.08809275197728	0.21978421896552647
14.478260869565219	19.022511035553272	0.21730671677505214
14.490861618798954	18.957666038823394	0.21487062386889952
14.50348432055749	18.89354549362594	0.2124750222550771
14.516129032258064	18.830137402710797	0.21011901923612433
14.528795811518325	18.767430032305175	0.2078017465774221
14.541484716157205	18.705411904922805	0.2055223597072308
14.554195804195805	18.644071792407306	0.20328003694708088
14.566929133858268	18.58339870920078	0.20107397877120256
14.579684763572681	18.523381905829304	0.1989034070937543
14.592462751971956	18.464010862597142	0.19676756458265984
14.605263157894736	18.405275283481945	0.1946657139989284
14.618086040386304	18.347165090223406	0.19259713756037736
14.630931458699472	18.289670416598515	0.1905611363287403
14.643799472295514	18.232781602876255	0.18855702961917478
14.65669014084507	18.17648919044543	0.1865841544312456
14.669603524229075	18.120783916609316	0.18464186490049256
14.682539682539684	18.065656709541045	0.18272953176973766
14.695498676081199	18.01109868339407	0.18084654187932253
14.708480565371024	17.957101133562084	0.17899229767550603
14.721485411140582	17.903655532083175	0.17716621673628882
14.734513274336283	17.850753523183055	0.17536773131395736
14.74756421612046	17.798386918952538	0.17359628789368234
14.76063829787234	17.746547695154494	0.17185134676752745
14.773735581188998	17.695227987155878	0.1701323816232579
14.786856127886324	17.64442008598044	0.1684388791473648
14.8	17.594116434477954	0.16677033864174473
14.813167259786477	17.54430962360604	0.16512627165350235
14.826357969723952	17.49499238882061	0.16350620161736232
14.83957219251337	17.44615760657148	0.161909663510207
14.852809991079393	17.39779829089927	0.16033620351726607
14.866071428571429	17.349907590130545	0.1587853787095164
14.879356568364612	17.3024787836676	0.15725675673186063
14.892665474060824	17.255505278869947	0.15574991550167705
14.905998209489704	17.20898060802439	0.15426444291734737
14.919354838709676	17.16289842540071	0.1527999365763853
14.932735426008968	17.117252504390304	0.15135600350281123
14.946140035906643	17.07203673472491	0.14993225988342135
14.959568733153638	17.02724511977285	0.14852833081262604
14.973021582733812	16.98287177391039	0.1471438500455389
14.986498649864988	16.938910919965654	0.1457784597590132
15.0	16.895356886732845	0.14443181032033506
15.013525698827774	16.852204106554503	0.14310356006329375
15.027075812274367	16.809447112969657	0.1417933750713619
15.040650406504064	16.767080538425745	0.14050092896772792
15.054249547920433	16.72509911205237	0.13922590271193702
15.06787330316742	16.683497657494847	0.13796798440290006
15.081521739130435	16.64227109080579	0.13672686908804627
15.095194922937443	16.601414418392803	0.1355022585784014
15.108892921960074	16.56092273502071	0.13429386126938125
15.122615803814716	16.520791221866453	0.13310139196710022
15.136363636363635	16.481015144625196	0.13192457172000155
15.150136487716106	16.44158985166598	0.1307631276556232
15.163934426229508	16.402510772235495	0.12961679282232294
15.177757520510482	16.363773414708426	0.12848530603578878
15.19160583941606	16.325373364883042	0.12736841173017188
15.205479452054796	16.28730628432062	0.1262658598136824
15.219378427787936	16.249567908727467	0.12517740552849752
15.233302836230559	16.212154046378146	0.12410280931483315
15.247252747252746	16.17506057657884	0.12304183667904062
15.26122823098075	16.138283448169506	0.1219942580655897
15.275229357798164	16.101818678063875	0.12095984873281272
15.289256198347108	16.06566234982597	0.11993838863227771
15.303308823529411	16.029810612282244	0.11892966229167497
15.31738730450782	15.994259678168238	0.11793345870109825
15.331491712707184	15.959005822808775	0.11694957120260914
15.345622119815669	15.924045382830716	0.11597779738297664
15.359778597785976	15.889374754907331	0.11501793896948828
15.373961218836564	15.854990394533436	0.114069801728732
15.388170055452864	15.820888814830363	0.11313319536825374
15.402405180388529	15.787066585379948	0.11220793344099626
15.416666666666666	15.753520331086701	0.11129383325243042
15.430954587581095	15.720246731067412	0.11039071577029248
15.445269016697589	15.68724251756733	0.10949840553684406
15.459610027855154	15.654504474902291	0.10861673058357496
15.473977695167285	15.622029438425999	0.10774552234827077
15.488372093023255	15.589814293521771	0.10688461559437033
15.502793296089385	15.557855974618105	0.10603384833254344
15.517241379310345	15.526151464227397	0.10519306174441556
15.531716417910447	15.494697792007164	0.10436210010837574
15.546218487394958	15.463492033843163	0.1035408107274009
15.560747663551403	15.432531310953864	0.10272904385883597
15.57530402245089	15.401812789015608	0.10192665264606747
15.58988764044944	15.371333677307993	0.10113349305203446
15.604498594189314	15.341091227878817	0.10034942379451883
15.619136960600375	15.311082734728222	0.09957430628316165
15.633802816901408	15.281305533011436	0.09880800455815399
15.648496240601503	15.251756998259513	0.09805038523054917
15.66321730950141	15.222434545617869	0.09730131742414987
15.677966101694915	15.193335629101854	0.09656067271892174
15.692742695570217	15.164457740869125	0.09582832509588818
15.707547169811319	15.135798410508269	0.09510415088346197
15.722379603399432	15.107355204343264	0.09438802870517043
15.737240075614366	15.079125724753457	0.09367983942873549
15.75212866603595	15.051107609508524	0.09297946611646472
15.767045454545455	15.023298531118124	0.09228679397691845
15.781990521327014	14.995696196195837	0.09160171031781333
15.79696394686907	14.968298344837024	0.09092410450012772
15.811965811965813	14.941102750010232	0.09025386789337304
15.826996197718632	14.914107216961881	0.08959089383199778
15.842055185537582	14.88730958263379	0.0889350775728919
15.857142857142856	14.860707715093252	0.08828631625395834
15.872259294566254	14.834299512975443	0.08764450885372412
15.88740458015267	14.80808290493769	0.08700955615195802
15.902578796561604	14.782055849125438	0.08638136069126832
15.917782026768643	14.756216332649547	0.08575982673965282
15.933014354066987	14.730562371074663	0.08514486025397246
15.948275862068966	14.70509200791845	0.08453636884432526
15.963566634707574	14.679803314161285	0.08393426173929316
15.978886756238003	14.654694387766257	0.08333844975203787
15.994236311239193	14.629763353209247	0.08274884524722335
16.009615384615383	14.605008361018738	0.08216536210874041
16.02502406159769	14.58042758732519	0.08158791570821163
16.040462427745666	14.556019233419734	0.08101642287425587
16.05593056894889	14.531781525321989	0.08045080186249082
16.071428571428573	14.507712713356712	0.07989097232625385
16.08695652173913	14.483811071739144	0.07933685528802052
16.102514506769825	14.460074898168807	0.07878837311150336
16.11810261374637	14.436502513431565	0.07824544947441181
16.13372093023256	14.413092261009746	0.07770800934185483
16.14936954413191	14.38984250670012	0.07717597894036962
16.16504854368932	14.366751638239608	0.07664928573255976
16.180758017492714	14.343818064938448	0.07612785839232618
16.19649805447471	14.321040217320748	0.07561162678067508
16.21226874391431	14.298416546772147	0.07510052192208776
16.228070175438596	14.275945525194526	0.07459447598143706
16.24390243902439	14.253625644667512	0.0740934222414371
16.259765625	14.231455417116694	0.07359729508061076
16.275659824046922	14.209433373988348	0.07310602995176244
16.291585127201564	14.187558065930528	0.07261956336094244
16.307541625857002	14.165828062480402	0.07213783284689035
16.323529411764707	14.144241951757696	0.07166077696094536
16.339548577036307	14.122798340164037	0.07118833524741032
16.355599214145382	14.101495852088153	0.0707204482243589
16.371681415929203	14.080333129616768	0.07025705736487452
16.387795275590552	14.05930883225102	0.0697981050787092
16.40394088669951	14.03842163662833	0.06934353469435191
16.420118343195266	14.017670236249597	0.06889329044149664
16.436327739387956	13.997053341211556	0.06844731743389891
16.452569169960476	13.97656967794427	0.06800556165261218
16.468842729970326	13.956217988953519	0.06756796992959338
16.485148514851485	13.9359970325681	0.06713448993166897
16.50148662041625	13.915905582691872	0.06670507014485276
16.517857142857142	13.895942428560437	0.06627965985900588
16.53426017874876	13.876106374502367	0.06585820915283087
16.5506958250497	13.856396239704889	0.06544066887919169
16.567164179104477	13.836810857983902	0.06502699065075136
16.58366533864542	13.817349077558315	0.0646171268259198
16.600199401794615	13.798009760828421	0.06421103049510322
16.61676646706587	13.778791784158509	0.06380865546724905
16.633366633366634	13.759694037663337	0.06340995625667839
16.65	13.740715424998582	0.06301488807019892
16.666666666666668	13.721854863155064	0.06262340679449163
